14.25  17.5  0
13.75  16.7  0
10.85  17.15  0
10.35  17.35  0
9.25  17.1  0
8.45  17.3  0
10.8  19.1  0
12.45  17.6  0
13.15  17.6  0
9.7  18.15  0
7.3  17.75  0
6.5  18  0
5.45  16.95  0
5.35  15.75  0
5.2  14.55  0
5.7  14.6  0
3.8  15.45  0
4.8  15.9  0
4.25  13  0
4.45  11.4  0
4.35  10.1  0
5.05  8.6  0
4.3  8  0
3.3  11.55  0
5.4  8.45  0
6.6  7.75  0
7.95  7.85  0
9  7.6  0
9.35  7.8  0
10.9  8  0
11.9  7.9  0
12.75  8  0
13.35  8  0
14.6  7.9  0
14.25  18.35  0
16.25  17.8  0
17.45  17.5  0
18.5  17.5  0
17.4  19.25  0
17.45  18.85  0
15.05  8.35  0
15.3  7.8  0
17.4  7.75  0
17.75  7.45  0
16.7  6.9  0
19.95  6.55  0
21.15  5.7  0
20.65  3.45  0
21.2  1.8  0
21.4  1.05  0
22.95  1.35  0
25.35  1.8  0
27  1  0
28.55  0.85  0
30.7  1.3  0
31.55  1.8  0
29.6  2.5  0
31.35  3.95  0
30.75  4.45  0
31.3  5.65  0
30.95  6.55  0
37.75  7.9  0
32  8  0
32.5  8.45  0
34.35  8.8  0
34.8  7.7  0
37.75  8.2  0
40.05  9.2  0
42.15  9.2  0
43.05  9  0
45.35  9.75  0
46.4  10.35  0
46.65  12.5  0
47  14.2  0
46.4  15.65  0
45.15  17.85  0
32.15  19.7  0
32.05  18.85  0
35.45  19  0
37.05  18.65  0
38.95  18.9  0
43.9  20.35  0
45.1  20.45  0
41.45  19.35  0
41.4  18.75  0
43.75  19.3  0
44.7  18.9  0
46.45  19.65  0
38.55  22.15  0
35.6  21.5  0
36.55  20.65  0
35.75  21.1  0
35.5  6  0
34.05  4.95  0
34.25  2.7  0
36.55  2.2  0
39.05  5.1  0
43.6  6.95  0
41.7  6.5  0
40.85  6.2  0
43.1  5.6  0
45.7  7.25  0
46.55  8.1  0
47.15  9.45  0
48.5  11.05  0
48.45  14.1  0
47.75  15.65  0
46.9  18.15  0
45.8  18.95  0
42.2  20.55  0
40  20.55  0
38.3  20.85  0
37.3  20.55  0
37.6  20.7  0
33.25  6.25  0
33.3  6.35  0
32.85  3.25  0
33.95  3.05  0
17.4  21.15  0
17.5  22.95  0
17.45  24.95  0
18.7  26.6  0
17.9  26.6  0
17.3  28.9  0
17.95  30.8  0
18.85  32.5  0
18.9  33.25  0
20.3  34.3  0
22.9  35.25  0
24.7  35.1  0
27.7  34.5  0
28.75  33.35  0
29.7  32.2  0
30.45  31.5  0
31.15  30.3  0
30.6  27.85  0
31.65  26.4  0
31.05  23.35  0
31.95  21  0
32  18.25  0
33.9  19.7  0
32.65  27.85  0
31.4  29.2  0
32.45  24.5  0
33.6  22.4  0
34.85  21.5  0
33.8  26  0
34.55  25.6  0
34.8  24.2  0
35.25  23.45  0
35.5  23.6  0
15.7  19.55  0
14.8  19.75  0
11.8  19.4  0
10.7  19.1  0
7.65  20.1  0
6.05  18.55  0
5.25  17.4  0
8.55  19.65  0
9.45  20.2  0
11.55  20.4  0
12.95  20.05  0
15.55  18.55  0
16.35  19.85  0
16.4  20.7  0
16  21.9  0
17.25  23.3  0
18.2  24.1  0
16.9  24.55  0
16.25  25.35  0
16.1  23.55  0
15.4  20.05  0
14.6  19.3  0
12.3  18.2  0
10.85  17.45  0
9.7  17.85  0
7.5  17.75  0
5.85  16.5  0
4.1  14.75  0
4.05  12.35  0
4.65  10.8  0
5.1  9  0
6.2  8.45  0
6.8  7.85  0
5.4  7.8  0
4.15  7.85  0
6.55  6.85  0
6.85  6.8  0
8.5  7.05  0
9.6  6.9  0
13.9  5.5  0
15  6.3  0
10.15  7.05  0
17.65  28.95  0
17.8  29  0
18  30.7  0
16.65  32.25  0
17.8  33.5  0
19.95  34.95  0
21.85  35.55  0
23.45  35.2  0
23.1  35.65  0
20.2  35.7  0
17.7  33.3  0
16.1  30.95  0
15.55  29  0
15.1  26.45  0
15.3  24.5  0
15.25  22.75  0
14.25  21.6  0
12.8  21.5  0
11.1  21.5  0
11.5  21.65  0
13.9  23.35  0
14.4  25.3  0
14.6  25.8  0
25.55  36.9  0
26.15  35.3  0
27.45  35.85  0
28.25  35.15  0
28.4  35.1  0
30.7  34.2  0
31.95  32.85  0
32.95  30.75  0
33.7  29  0
32.8  26.65  0
33.1  24.2  0
32.9  22.1  0
33.85  21.5  0
35.35  21.85  0
37.35  24.15  0
39.15  24.2  0
36.05  27.05  0
34.85  26.9  0
37.4  23.35  0
36.3  23.75  0
34.65  26.15  0
34  28  0
32.75  29.6  0
32.15  31.55  0
31.3  32.75  0
30.5  34.4  0
29.8  35.6  0
29  36.45  0
27.2  36.45  0
25.3  38.2  0
23.45  37.95  0
22.7  37.85  0
21.9  37.25  0
21.5  37.3  0
20.55  37.55  0
18.95  37.35  0
18.5  36.5  0
17.65  34.65  0
16.4  32.25  0
16.2  29.95  0
16.2  26.75  0
16.3  23.95  0
15.35  22.1  0
15.5  19.65  0
14.1  19.4  0
11.55  20.35  0
8.8  19.7  0
20.3  3.95  0
19.75  4.1  0
18.05  4.5  0
17.7  5.5  0
17.85  5.05  0
19.3  3.35  0
17.55  3.05  0
16.2  4.95  0
17.1  5.45  0
15.6  5.65  0
13.75  6  0
11.95  6.25  0
13.7  6.4  0
15.4  6.65  0
17.75  5.7  0
14.1  6.55  0
11.5  6.3  0
10.55  6  0
9.85  5.85  0
7.9  6  0
6.9  5.9  0
5.25  6.15  0
4.4  7.4  0
4.35  9.6  0
3.2  10.55  0
3.15  12.4  0
2.7  13.35  0
3.05  15.55  0
4.2  18.1  0
4.8  18.9  0
5.95  20.2  0
6.55  20.75  0
7.35  20.7  0
7.9  19.3  0
12.2  19.25  0
11.8  19.85  0
8.8  20.3  0
9.2  21.1  0
9.9  18.35  0
10.95  20.45  0
36.85  23.8  0
37.85  24.05  0
37.2  26.75  0
35  26.5  0
34.6  25.1  0
34.9  24.1  0
33.4  26.8  0
34.7  29.15  0
34.1  29.95  0
34.4  29.9  0
36.45  28.15  0
36.35  25.4  0
34.55  23.45  0
34.45  21.65  0
34.2  21.35  0
36.9  20.45  0
37.95  20.3  0
40.45  20.7  0
42.65  20.85  0
43.8  20.6  0
44.95  19.45  0
46.8  17.65  0
46.85  15.95  0
47.6  13  0
47.95  10.65  0
47  10.4  0
45.9  9.35  0
45.15  7.55  0
43.45  7.2  0
42.15  7  0
41.75  6.15  0
35.7  5.25  0
36.85  4  0
38.8  4.3  0
35.85  5.55  0
32.4  7.05  0
31.95  5.95  0
31.7  3.55  0
32  2.9  0
32.95  4.65  0
33.6  7.55  0
34.45  5.7  0
34.8  3.05  0
19.3  0.6  0
19.45  1.35  0
18.1  3.3  0
16.35  4.25  0
15.4  4.25  0
13.95  4.75  0
12.55  5.4  0
12.2  5.15  0
9.6  4.35  0
6.25  6.75  0
3.9  8.2  0
3.45  10.1  0
3.35  11.15  0
2.65  14.25  0
3.45  15.2  0
2.9  16.35  0
2.8  17.55  0
5.25  18.1  0
5.7  19.25  0
6.35  21.8  0
8.5  20.35  0
10.85  19.55  0
11.9  19.3  0
13.45  20.25  0
13.4  20.75  0
14.4  20.15  0
14.1  21.5  0
14.8  21.75  0
16.25  19.4  0
17.4  19.9  0
17.65  23.25  0
17.65  20.7  0
17.95  18.95  0
18.05  19.9  0
18  21.5  0
17.9  24.95  0
17.1  24.55  0
17.1  22.1  0
16.85  21.05  0
16.35  20.75  0
14.7  21.8  0
12.3  22.1  0
11.9  21.7  0
10.3  20.45  0
37.25  21.15  0
34.85  21.4  0
34.05  20.95  0
33.85  19.6  0
33.7  19.45  0
35.15  19.9  0
36.75  20.3  0
37.15  20.3  0
38.2  21  0
38.85  21.35  0
35.9  22.3  0
37.1  22.45  0
39.75  21  0
40.35  20.25  0
41.45  20.1  0
42.65  20.45  0
45.1  20.3  0
47.45  19  0
48.85  17.5  0
48.95  14.75  0
48.65  14.15  0
47  10.65  0
47.7  9.15  0
46.45  7.9  0
45.05  7.45  0
41.65  6.2  0
39.55  6.65  0
38.15  6.4  0
38.1  6.15  0
39.05  6.45  0
40.3  7.35  0
41.35  5.35  0
40.6  2.45  0
38.95  3.7  0
37  4.35  0
36.3  6.45  0
37.05  6.85  0
37.45  5.45  0
36.8  4.15  0
35.3  2.8  0
35.05  3.2  0
34.4  4  0
33.95  4.4  0
34.55  2.15  0
32.9  1.6  0
31  1.95  0
30.2  1.7  0
28.5  1.95  0
25.95  1.5  0
25.2  1.35  0
24.2  0.75  0
22.5  1.3  0
21.2  1.3  0
18  2.15  0
17.85  1.9  0
18.85  4.6  0
19  6  0
19.15  5  0
18.55  5.45  0
17.1  4.95  0
15.45  4.85  0
13.4  4.95  0
11.5  4.65  0
9.8  5  0
8.7  5.65  0
4.45  8.1  0
3.7  8.8  0
3.15  9.3  0
2.1  10.25  0
2.7  11.8  0
2.1  13.3  0
3.5  16.15  0
4.25  18.6  0
4.1  20.3  0
4.6  20.65  0
6.55  22  0
7.65  22.1  0
9.65  21.85  0
11.2  22.15  0
11.9  22.35  0
11.9  22.7  0
13.4  23.65  0
12.4  23.95  0
13.4  22.7  0
13.75  22.15  0
15.35  23  0
14.75  22.6  0
13.25  20.1  0
10  20.25  0
7.85  19.45  0
6.65  19  0
6.4  18.4  0
3.9  17.05  0
3.9  15.45  0
5  17.2  0
4.2  16.6  0
3.4  13.45  0
3.6  9.75  0
5.3  6.95  0
8.75  4.65  0
8.5  5.05  0
10.6  6.55  0
11.95  6.55  0
13.25  6.15  0
14.25  5.6  0
15.05  5.9  0
14.6  6  0
13.85  6.8  0
15  6.45  0
14.7  5.7  0
13.4  5  0
15.45  3.1  0
15.9  3.35  0
16.3  2.75  0
16.7  2.9  0
16.8  3.75  0
18.9  3  0
37.25  3.05  0
37.35  3.5  0
38.95  4.7  0
40.8  5.95  0
40.7  8.1  0
39.35  8.1  0
41.75  8.15  0
44.9  9  0
46.5  9.05  0
48.45  11  0
48.25  13.65  0
48.2  16.05  0
47.35  18.3  0
46.05  19.9  0
44.4  22.4  0
42.35  24.2  0
42.1  25.6  0
42.15  26.35  0
41.6  24.2  0
41.3  22.6  0
40.35  23.15  0
39.1  25.5  0
38.85  26.65  0
37.8  25.85  0
39.05  23.95  0
42.3  22.4  0
38  27.75  0
37.3  29.45  0
35.75  30.85  0
34.15  33.05  0
33.1  34.2  0
31.5  35.7  0
30.7  36.25  0
29.35  37.45  0
25.55  37  0
16.55  34.6  0
15.65  34.15  0
15.25  33.2  0
15.05  31.7  0
15.55  31  0
15.4  29.5  0
15.4  28.15  0
14.4  26.7  0
14.9  25.6  0
13.9  24.35  0
14.35  29.3  0
14.3  31.3  0
14.05  29  0
13.5  26.2  0
14.7  25.55  0
14.9  28.7  0
14.15  26.1  0
12.15  23.65  0
11.7  21.85  0
10.6  21.55  0
9.45  21.2  0
11.6  22.2  0
9.55  21.4  0
10.15  22.05  0
13.95  22  0
14  21.75  0
14.55  22.75  0
15.25  26.95  0
15.85  29.05  0
15.8  26.9  0
16  26  0
16.8  29.15  0
17.5  31.5  0
17.2  31.85  0
17.35  33.2  0
17.65  34.15  0
18.25  33.75  0
18.65  34.7  0
19.45  36.25  0
21  36.65  0
22.9  37.3  0
24.6  36.9  0
25.85  37.55  0
27.6  36.9  0
30.1  36.4  0
31.9  34.3  0
33.8  30.5  0
34.7  28.2  0
36.75  25.45  0
37.45  22.1  0
39.3  23.75  0
38  25.15  0
35  26.95  0
34.05  29.85  0
33.9  32.4  0
40.15  31.55  0
38.75  27.3  0
38.45  26.55  0
37.3  29.65  0
34.95  31.1  0
35.1  32.25  0
35.8  31.3  0
36.8  29.9  0
37.3  29.65  0
37.55  28.3  0
39.4  26.45  0
40.35  25.5  0
38.75  26.95  0
36.65  30.45  0
33.35  33.5  0
31.2  34.2  0
28.7  36.95  0
23.65  36.8  0
18.5  36.65  0
14.25  36.2  0
13.9  32.15  0
13.25  28.5  0
13.7  26.7  0
12.65  23  0
12.4  23.75  0
9.95  24.35  0
8.75  24.6  0
12.45  25.55  0
12.5  27.45  0
12  25.9  0
12.5  26.1  0
13.45  27.3  0