1.85  1.65
3.25  1.65
5.25  2.05
7.15  2
9.3  2.4
11  2.35
13.65  2.5
16.2  1.85
18.4  1.1
21  1.6
22.45  1.65
24.55  1.7
26.8  1.75
29.15  1.9
30.6  1.65
32.3  1.8
33.9  1.75
34.6  0.05
36.5  2.95
36.5  2.85
35.15  2.5
35.15  2.55
37.6  5.5
37.15  6.25
37  6.9
37.05  8.55
37.2  10.45
36.25  10.7
36.65  12.7
36.9  14.2
36.7  15.95
37.3  18.05
36.55  20.1
36.75  22.1
37  23.35
36.9  23.7
36.85  23.9
37  24.8
3.1  2.25
3.3  3.35
3.2  4.75
2.9  5.5
1.7  2.8
1.85  2.3
2.4  3.65
2.2  5.8
2.3  7.9
2.05  5.35
2.5  4
2.85  5.25
3.3  6.4
3.45  7.55
2.85  8.55
3.1  9.75
3.05  11
2.75  11.7
2.1  11.1
1.85  9.7
2.6  9.7
3.15  12.75
3.35  13.95
2.85  14.45
3.05  15.45
3.25  15.95
2.5  16.6
1.95  17.15
2.9  17.45
3.1  16.95
2.6  20.8
4.05  20.4
4.1  20.15
1.85  19.95
1.8  20.4
4.7  16.75
3.95  16.95
3.25  15.55
3.45  13.45
1.8  10.2
1.85  12.9
1.85  15.1
3.3  21.05
3.25  22.1
2.75  23.1
2.7  24.65
2.85  26.5
3.1  28.2
2.85  28.45
2.4  28.4
3.5  30.4
2.35  30.7
2.6  32.45
2.65  33.4
2.85  34.35
2.65  34.8
2.35  35.45
2.15  37.15
2.85  37.9
2.5  38.7
1.3  38.7
0.7  38.6
0.7  37.4
1.35  35.5
1.55  33.7
1.75  30.95
2.05  29.9
2  27.4
1.95  25.8
1.65  24.8
0.65  24.3
0.9  23
1.85  22.9
1.55  15.3
1.7  14.55
2.15  13
2.25  11.8
4.05  37.6
4.3  37.55
5.5  37.9
5.9  39.2
7.75  38.8
8.65  37.95
12.35  37.9
14.4  38.05
16.4  37.6
19.05  38.1
21.45  37.75
24.05  37.85
26.3  37.7
27.95  37.8
29.35  37.5
31  36.8
33.15  36.5
34.9  36.8
34.85  36.3
35.55  35.25
36.05  32.8
36.7  28.4
36.4  25.75
37.35  25.5
36.55  31.05
36.85  33.35
36.85  35.3
36.6  36.45
34.85  36.45
32.6  36.7
31.35  37.25
27.5  38.15
26.55  38
25.1  38.15
23.2  37.8
22.05  37.9
21.45  38.25
20.2  37.6
19.65  37.8
18  37.7
16.85  37.7
15.55  37.65
15  37.1
14.4  36.95
13.15  37.5
11.35  37.7
10.1  37.95
9.6  38.5
8.8  38.05
6.95  36.95
4.75  36.85
3.7  36.35
2.95  35.8
3.55  34.5
4.3  32.8
4.65  31.75
5.3  31.25
6.2  30.65
7  31.35
7.85  31.85
9.3  31.55
10.65  31.85
11.15  32.4
13.7  34.25
13.6  34.65
12.2  32.1
13.15  32
12.65  33.8
12.45  35.75
13.05  36.55
13.95  36.85
16.85  35.5
4.85  30.1
5.45  29.7
8.6  29.55
10.9  29.85
12.4  30.65
13.6  30.75
14.2  29.6
15.1  28.6
11.4  30.25
9.7  30.1
8.15  30
7.6  29.85
6.1  26.55
4.75  24.25
3.45  22.45
3.45  21.35
4.65  20.15
5.6  18.9
6.6  18.6
7.85  18.75
8.6  19.95
8.4  21.8
5.6  22.7
4.45  24.05
4.3  25.15
4.65  25.95
4.6  27.05
5  28.15
5.7  23.65
5.75  22
6.5  20.45
7.2  21.15
7.8  21.05
6.25  20.55
5.35  21.1
4.4  22.5
4.1  23.45
3.4  25.15
4.6  26.2
8.7  21.15
9.05  20.6
9.95  19.5
11.1  20.3
12.05  20.75
13.6  20.15
14.65  20.3
15.7  20.5
16.55  20.75
16.3  24.4
16.65  25.15
17.2  25.3
16  26.65
15.05  27.95
14.4  28.6
13.25  29.6
13.15  30.5
13.65  29.8
17.5  23.35
17.45  22.5
17.4  22.55
15.95  22.1
16.35  24.9
16.6  26.1
15.55  27.1
15.3  27.6
13.2  28.95
13.25  28.9
14.6  27.55
15  27.1
15.15  25.95
15.75  25.1
16.05  24
17.05  22.8
17.85  21.7
18.6  21.95
17.6  20.45
17.9  20.5
18.3  19.65
18.5  18.2
18.55  17.15
17.95  15.75
19.5  14.25
20.75  13.6
20.85  12.9
20.25  12.5
18.45  12.95
18.75  11.35
20.25  10.75
20.6  9.85
20.05  8.8
19.5  8.55
19.8  9.85
19.45  11
19.95  8.5
19.8  6.6
20.45  6.55
20.95  5.55
19.9  4.15
19.95  3.25
20.45  2.35
20.7  2.05
19.6  2
16.8  0.95
15.75  0.85
14.35  1.45
13.2  1.8
11.6  1.9
10.9  1.6
9.7  1.45
7.7  0.85
6.75  1.25
4.8  1.15
3.6  0.95
2.65  1.3
2.2  1.6
1.95  3.65
1.95  5.8
1.8  7.15
1.3  9.75
1.25  8.7
0.85  5.75
1.95  2.75
1.9  1.9
18.3  14.5
20.3  15.8
20.55  16.2
19.85  17.8
19.3  19.1
18.85  20.75
19.05  15
19.3  16.15
19.8  15.4
19  17.8
19.8  13.7
20  13.65
19.8  9.75
19.25  8.7
19.5  6.05
19.5  5.45
19.95  3.7
19.75  7.75
20  9.25
19.9  12.1
19.15  9.3
19.5  7.3
20.4  6
19.1  3.6
19.6  3.65
19.75  3.65
21.5  15.9
21.45  16
22.45  14.65
21.95  14.4
21.65  15.45
23.2  15.9
24.1  16.35
25.6  16.5
27.2  16.2
27.95  16
24.1  14.8
25.85  14.75
27.65  15.1
29.2  15.25
30.95  16.4
32.5  17.2
34.05  18.2
35.25  18.15
35.85  17.5
36  17.75
32.5  18.5
29.9  16.95
27.95  15.35
28.1  16
34.2  19.3
35.1  20.1
33.7  19.15
30.55  17.35
30.9  17.6
28.8  17.6
26.45  17.7
24.55  17.6
22.45  17.4
20.6  17.1
22.35  16.2
25.6  16.1
27.2  16.6
29.05  17.15
27.9  16.75
24.6  16.85
23.75  17.45
25.15  17.5
30.7  16.6
33.1  18
34.6  18.9
35.7  20.3
35.55  21.1
36.25  22.7
36.5  22.95
36.45  22
34.95  20.8
34.45  19.15
32.15  18.55
30.6  19
28.95  18.4
28.35  18.65
26.5  18
23.2  18.55
21.15  18
15.15  30.6
18.7  34.5
14.65  31.85
19.25  35.45
15.8  32.1
20.35  35.75
15.6  31.95
15.05  30.25
19.05  34.7
15.5  32.25
18.45  36.75
15.7  33.45
18.55  37.35
14.7  34.2
17.5  37.85
13.9  34.3
14.45  34.45
19.1  36.9
15.7  35.55
17.2  37.8
14  29.4
16.85  34.5
16.4  30.5
19.35  34.8
17.55  34.45
18.9  36.25
17.4  36.15
14.6  35.8
14.4  35.7
14.8  34.8
18.8  35.75
17.95  36.4
15.9  36
15.05  35.95
13.8  32.6
14.75  32.45
17  33.5
18.65  35.45
18.9  35.25
20.05  35.3
21.15  35.8
22.4  36
22.4  35.9
21.55  35.2
20.3  34.4
19.35  34.2
17.95  33.45
18.05  33.25
17.5  32.75
17.2  32
16.2  30.05
15.7  29.55
16.4  28.9
16.7  28.3
17.25  27.55
17.55  26.7
17.6  25.3
18.9  24.5
19  22.75
19.35  21.8
19.85  21
20.5  19.35
20.4  18.7
20.55  19.45
19.15  22.75
18.65  24.1
18.5  26.1
18.9  27.85
20.05  32.65
19.55  32.65
19  31.45
18.95  28.95
19  29.1
19.1  32.8
18.3  32.3
18.4  30.05
18.45  29
18.35  27.25
18  27.5
17.8  30.95
18.65  31.45
18.7  29.35
17.85  29.7
16.65  29.8
17.55  28.4
17.8  29.25
17.85  31.2
16.5  32
17.55  34.2
17.75  35.55
17.05  34.45
16.9  32.45
16.75  30.25
17.9  27.8
11.35  19.9
10  19.25
10.5  19.65
13.2  20.55
14.3  19.65
12.35  19.65
10.65  19.6
9.5  19.7
9.35  19.85
7.75  19.4
6.55  19.6
6.05  19.5
8.35  19.55
12.45  19.6
14.05  19.85
14.8  19.95
16.15  19.7
17.05  19.55
17.25  19.5
18.1  18.65
16.85  18.25
17.4  18.05
17.85  16.05
17.05  18.15
15.65  19.35
13.95  19.2
12.1  19.6
10.85  19.35
10.2  19.3
8.55  31.2
7.65  30.7
8.15  30.6
7.5  29.5
6.25  29.1
5.55  27.1
6.15  26.35
4.3  29.25
3.75  29.35
4.55  26.9
4.4  25.95
4.6  28.2
4.1  30.1
3.3  28.25
3.55  26.15
3.7  26.4
4.2  28.35
5.7  28
9.95  29.65
9.55  29.85
11.05  30.8
8.9  30.85
8.85  30.2
10.4  31.4
13.15  32.7
13.75  33.05
14.65  33.5
15.1  33.6
16.45  30.55
16.4  31.65
14.15  30.5
12.3  31.1
13.4  31.6
17.15  32
16.55  31.15
14.8  31.25
15.2  30.8
16.55  29.65
16.6  30.5
19.15  20.45
19.2  19.45
19.6  18.95
19.95  17.25
19.5  16.1
19.8  14.9
2.8  17.2
2.45  17.2
2.45  15.35
5.1  16.2
6.7  18.1
7.85  19.8
6.65  17.75
5.55  20.2
4.4  20.2
3.55  20.2
3.4  20.95
2.55  21.7
2.75  22.95
2.05  23.05
2  21.05
3.75  22.2
1.35  16.75
1.3  15.6
1.45  14.25
1.65  12.8
1.3  11
1.95  10.3
23.4  16.3
24.7  16.25
26.3  15.95
23.15  15.15
21.1  14.6
20.5  14.15
24  15.55
24.6  15.75
26  16.15
27.45  16.5
28.15  16
27.1  15.95
26.7  15.85
20.6  4.1
20.5  4.05
19.9  3
19.2  2.3
18.15  2.1
17.2  1.85
16.8  2.05
16.2  1.4
18.5  1.85
19.5  4
19.8  5.4
19.3  4.4
19.15  3.8
19.15  3.95
19.45  5.75
19.7  6.65
36.75  18.9
36.3  19.3
36.1  19.45
37  19.3
37.5  19.2
37.5  18.55
37.55  16.95
37.5  15.6
37.5  14.05
37.45  13.25
37.65  12.2
36.85  11.55
37.3  10.05
37.45  9.55
37.7  7.75
37.8  7
37.3  5.4
37.3  3.5
36.85  1.8
37  1.65
35.25  1.35
33.85  1.3
33.05  1.15
32.25  1.2
30.75  0.8
29.45  0.7
28.45  1.35
27.85  1.25
27.25  0.9
26.4  1
25.45  1
25.2  1.4
24.45  0.95
24.1  1.05
23.25  1
22.75  1
21.95  1
21.15  1.05
19.95  1.1
19.15  1.45
18.5  1.15
18.55  2
1.7  2.5
1.5  5.55
0.7  4.7
0.75  3.5
1.15  2.1
1.4  1.7
1.85  4.4
1.5  4.3
2.2  3.45
2.65  2.9
2.6  2.5
2.1  1.65
3.15  0.8
4.4  0.85
5.45  1.6
6.5  1.55
8.8  0.85
10.3  1.5
11.6  1.25
13.45  1.55
15.1  1.65
17.85  26.7
17.2  27.5
16.5  28.05
16.75  30.55
17.3  34.65
16.8  35.55
16.55  36.1
16.5  35.05
17  33.95
16.95  33.2
15.3  32.6
13.35  32
11.9  31.6
11.2  31
9.9  30.85
8  30.1
3.85  28.8
2.35  27.7
1.95  25.35
1.4  26.2
0.9  27.75
1.25  29.3
0.85  30.45
0.75  31.85
1  32.75
0.85  33.3
0.95  34.45
1.1  35.7
1.75  36.85
2.65  36.6
2  22.35
1.25  21.35
1.7  21
1.95  20.95
37.05  20.5
37.1  21.05
37.3  22.15
37.5  23.75
37.25  24.9
37.15  26.45
37.25  27.6
37.9  29.15
37.55  30.2
37.15  31.2
36.95  32.4
36.65  33.25
36.55  35.75
29.95  37.95
29.5  38.4
31.1  38
33.15  38.25
34  38.4
34.3  38.2
35.6  37.95
36.4  37.3
36.05  35.65
36.4  34.65
36.55  34.1
36.6  33.45
36.95  32.45
37.6  30.45
37.7  28.8
37.35  27.2
37.75  26.6
37.9  25.45
36.65  22.15
36.9  20.9
37.25  19.4
37.15  18.1
36.85  19
35.9  19
21.25  16.5
20  17.5
17.9  18.6
17.25  18.9
16.8  19.1
16.3  19.1
8.95  19.9
8.95  20.5
8  20.45
5.15  22.25
4.6  22.6
4.2  22.4
3.05  23.9
1.9  24.15
2.65  25.2
2.85  26.45
3  27.55
3.2  27.8
3.4  25.6
3.9  24.25
2.4  26.45
3.65  28.9
5.05  29.85
6.05  29.65
6.6  29.9
8.9  30
12.05  29.8
15.15  33.95
15.95  33.65
16.3  29.4
18.8  23.45
17.9  23.85
19.35  13.4
19.2  12.3
19.15  11.65
1.25  0.7
1.75  1.35
1.25  1.6
3.5  1.05
5.2  1.05
7.05  0.45
8.75  1.1
8.35  1.6
7.45  1.3
10.05  0.8
11.75  0.65
13.3  0.65
14.55  0.45
15.95  0.5
13.75  1.25
12.1  1.5
11.8  1
15.95  1.05
17.2  1.1
18  0.65
18.75  1.15
20.3  1.35
21.55  0.9
22.5  0.35
25.45  0.35
27  0.7
28.3  0.85
29.6  0.9
31.05  0.95
31.9  0.85
32.65  0.85
33.6  0.95
34.7  0.75
35.95  0.9
36.6  0.65
37.25  0.85
37.4  2.4
37.3  4.4
37.7  5.3
37.55  5.35
37.55  6.95
37.25  8.4
37.2  9.75
36.35  10.85
37  13.3
36.75  15.3
36.9  16.6
36.65  17.05
30.1  16.2
29.3  15.85
29.2  16.15
30.05  16.55
28.95  16.6
28.45  16.5
21.85  36.3
20.5  36.3
19.1  36.35
20.45  36.6
19.45  36.15
21.6  37.1
22.8  37.5
20.75  36.8
19.65  37.2
18.85  37.25
17.4  37.1
16.55  36.85
16.55  36.8
15.2  36.45
13.95  36.3
13.35  34.9
14.7  33.6
16.7  34
18.6  19.55
18.4  21.9
18.6  22.4
17.75  23.85
17.6  21.05
17.4  24.35
18.3  26.8
17.95  28.35
16.7  28.4
16.3  28.05
17.15  25.55
16.7  26.8
15.75  28.2
15.55  28.9
16.65  27.45
17.85  24.5
18.25  22.9
18.85  20.95
18.3  20.2
17.25  20
4.5  16.45
4.75  17.2
6  17.5
3.4  20.95
2.75  20.25
3.7  20.35
4.05  19.8
3.55  17.3
2.25  17.45
1.45  17
3.95  17.25
4.4  18.1
3.15  16.8
3.15  18.35
1.7  17.45
2.1  17.75
3.55  20.8
18.6  17.85
18.75  19.45
17.05  21.7
16.65  22.75
16.65  22.15
16.35  20.9
17.25  21.55
17.25  24.45
17.15  25.15
18.2  20.55
19.75  18.45
20.85  18.25
22.6  16.4
24.7  16.75
22.85  17
21.15  17.25
21.95  16.5
21.95  16.4
22.05  16.9
21.9  17.15