10.5  17  0
9.7  17.6  0
9.2  17.85  0
8.4  18.25  0
6.35  18.25  0
4.3  17.85  0
3.75  16.75  0
3.3  15.4  0
3.3  13.75  0
3.85  13.7  0
4.4  13.2  0
5.5  13  0
6.2  12.9  0
7.45  12.7  0
8.3  12.75  0
8.85  12.75  0
8.85  12.25  0
8.65  11.55  0
8.6  10.2  0
8.6  9.3  0
8.6  8.25  0
8.6  8.25  0
9.1  7.6  0
10.55  7.3  0
11.3  7.25  0
11.9  7.7  0
12.35  8.3  0
13.25  9.35  0
13.25  11.25  0
13.25  11.95  0
13.15  12.2  0
13.15  12.6  0
15.6  12.6  0
15.9  12.8  0
16.8  13.8  0
16.95  14.35  0
17.35  15.35  0
17.45  16.15  0
17.5  17.1  0
17.5  17.1  0
17.5  18.55  0
17.45  19.75  0
16.95  20.2  0
16.2  20.85  0
15.45  20.9  0
14.55  20.5  0
13.4  19.1  0
12.7  19.05  0
11.75  18.05  0
11.6  17.55  0
11.2  17.4  0
14  11.65  0
14.6  12.25  0
14.7  10.6  0
14.4  9.35  0
13.9  8.25  0
15.15  8.4  0
16.3  9.6  0
16  10.5  0
15.15  10.45  0
16.1  11.25  0
16.95  11.8  0
17.8  13  0
18.15  13.75  0
20.3  14.85  0
11.2  18.2  0
11.45  18.85  0
12.05  19.8  0
12.6  19.65  0
13.8  20.4  0
13.7  19.9  0
12.45  19.95  0
10.3  19.05  0
9.5  18.85  0
8.55  18.65  0
7.45  18.6  0
7.25  18.4  0
7.35  18.1  0
6.9  19.15  0
5.75  18.55  0
5.55  18.5  0
4.8  17.85  0
3.95  17.8  0
3.7  17.4  0
7.45  19.55  0
7.65  20.25  0
8.2  21.2  0
8.6  22.35  0
8.3  23.1  0
7.8  23.65  0
10.5  24.85  0
9.9  25  0
8.25  24.1  0
8.9  25.45  0
10.95  26.65  0
12  27.1  0
13.05  26.65  0
13.6  26.5  0
12.95  25.6  0
11.75  26.15  0
15.95  24.95  0
17.45  25.8  0
17.5  25.9  0
17.95  25  0
18.8  24.05  0
17.95  23.7  0
17.05  22.45  0
16.7  21.95  0
11.95  19.1  0
13.9  20.15  0
14.35  20.1  0
15.5  20.5  0
15.3  21.15  0
15.85  21.55  0
16.45  21  0
16.95  20.95  0
17  20.85  0
17.45  20.7  0
17.8  20.15  0
18.45  19.75  0
18.9  19.05  0
18.7  17.9  0
18.75  17.05  0
18.2  16.1  0
17.9  15.35  0
17.6  14.85  0
17.95  13.6  0
16.6  13  0
16.25  12.5  0
16  11.75  0
16.45  10.9  0
18.25  14.6  0
19.35  15.65  0
20.75  16.55  0
20.7  19.3  0
20.6  19.2  0
22.75  17.95  0
23.35  18.2  0
23.75  18.3  0
24.75  17.6  0
25.8  18  0
27.6  16.55  0
29.8  17.4  0
30.4  18.65  0
30.5  18.55  0
30.95  19.7  0
31.9  21.05  0
31.9  23  0
28.95  25.6  0
25.5  25.8  0
23.9  25.35  0
21.7  25.4  0
20.65  24.85  0
19.8  24.25  0
18.6  22.95  0
18.05  22.75  0
17.85  22.75  0
17.55  22.3  0
17.55  22  0
18.8  24  0
18.85  24.9  0
19.45  25.6  0
18.4  25.95  0
17.85  26.15  0
17.35  26.75  0
16.65  26.4  0
15.2  27.3  0
13.25  27.7  0
13.75  27.4  0
15.05  28.05  0
15.9  27.25  0
16.8  27  0
17.8  27.1  0
18.75  28  0
19.3  28.05  0
20.4  27.25  0
21.55  27.4  0
22.45  28.3  0
22  27  0
21.65  27.1  0
20.7  26.75  0
19.5  27.6  0
18.3  26.65  0
19.4  26.2  0
21.8  26.35  0
22.05  26.1  0
22.85  26.1  0
22.85  25.85  0
23.7  26.45  0
23.85  26.6  0
24  27.1  0
24.2  26.2  0
25.6  26.35  0
26.3  27.25  0
26.7  27.15  0
25.95  26.15  0
26.05  25.7  0
26.6  26.75  0
26.75  27.5  0
22.8  14.3  0
18.45  9.4  0
20.25  12.5  0
19.45  12.25  0
19.3  12.2  0
18.55  11.1  0
17.45  11.2  0
18.8  13.4  0
19.3  14.7  0
19.2  16.45  0
19.85  17.25  0
20.05  17.6  0
20.55  17.6  0
22.35  16.55  0
23.6  16.35  0
23.25  17.2  0
21.7  16.55  0
20.75  14.95  0
22  14.85  0
20.5  13.7  0
19.6  13.05  0
19.2  12.2  0
17.8  10.2  0
17.45  8.95  0
18.05  10.05  0
19.15  12.35  0
20.6  13.45  0
21.85  15.05  0
22.7  15.85  0
23.65  16.7  0
23.9  16.5  0
24.55  15.65  0
25.45  16.45  0
26  16.5  0
25.9  17.15  0
26.9  17.8  0
27.45  17.45  0
28.45  17.1  0
29.2  17.35  0
29.8  17.4  0
30.05  17.2  0
30.8  17.5  0
31.7  17.95  0
32.05  18.05  0
32.35  18.05  0
32.75  17.3  0
32.65  16.5  0
33.05  16.55  0
33.15  16.1  0
33.2  15.5  0
32.5  14.4  0
32.35  13.75  0
32.45  13.2  0
31.7  12.75  0
31.15  12.25  0
31.25  12.45  0
30.55  12.2  0
30.45  11.65  0
29.5  11.1  0
28.85  11.15  0
28.2  10.3  0
27.55  10.9  0
26.5  10.35  0
20.5  9.95  0
20.5  9.25  0
21.55  9.4  0
23.25  9.6  0
25.2  10.15  0
26.55  9.75  0
27.5  10  0
27.9  10  0
28.15  9.55  0
20.6  11.05  0
18.85  10.5  0
19  10.85  0
18.25  12.75  0
17.3  12.2  0
18.65  13.6  0
19.45  15.3  0
20  14.95  0
20.45  13.35  0
7.5  11.65  0
7.8  11.25  0
7.85  9.75  0
8.2  8.45  0
7.7  7.85  0
7.8  8.3  0
7.5  10.55  0
7.25  11.85  0
6.8  11.55  0
6.25  12.5  0
5.75  12.3  0
4.6  12.3  0
4.2  13.05  0
3.95  13  0
3.25  13.65  0
3.1  14.25  0
2.8  14.85  0
3  15.5  0
3.1  16.2  0
3.45  17.4  0
3.85  17.9  0
5.4  19.2  0
5.6  19.05  0
5.8  19.5  0
5.25  19.2  0
4.95  18.8  0
6.6  19.1  0
7.15  19.85  0
6.35  19.65  0
6.45  20.8  0
7.05  21.8  0
7.55  22.3  0
7.8  23.3  0
7.4  23.75  0
6.5  22.95  0
5.2  21.75  0
5.5  21.55  0
6.2  21.1  0
7.2  21.35  0
7.1  20.9  0
6.6  20.2  0
6.2  20.95  0
6.45  20.85  0
6.1  19.15  0
6.45  19.85  0
6.9  22.05  0
6.95  22.7  0
6.8  22.25  0
3.3  12.8  0
3.7  13.75  0
4.25  12.9  0
5.5  13.3  0
5.75  12.9  0
6.95  11.85  0
6.9  11.7  0
6.75  10.7  0
6.15  10.1  0
6  9.85  0
6.1  9.2  0
6.1  8.7  0
20.55  17.6  0
21.4  17.1  0
22  17.45  0
19.8  18.65  0
19.7  18.95  0
26.6  25.2  0
27.4  26.2  0
27.7  25.95  0
29.45  24.6  0
29.75  25.95  0
30.3  25.15  0
30.5  24.55  0
30.8  24.25  0
31.55  24  0
32.1  23.65  0
32.3  23.85  0
32.2  22.65  0
32.3  21.7  0
32  21.3  0
31.65  19.75  0
31.8  18.9  0
32.7  19.75  0
32.85  22.1  0
33.4  21.65  0
33.4  18.2  0
33.45  17.35  0
33.8  17.15  0
33.1  16.3  0
33.65  14.45  0
33.25  13.9  0
33.25  12.9  0
32.8  12.55  0
32.6  11.65  0
32.55  11.45  0
32.7  10.45  0
32.4  10  0
32.5  9.95  0
31.8  8.8  0
31  8.95  0
29.7  8.4  0
29.2  8.9  0
28.5  8.1  0
27.95  8.2  0
27.2  7.8  0
25.95  8.05  0
24.95  9.1  0
23.95  8.1  0
23.05  8  0
21.65  8.15  0
20.15  7.4  0
19.1  8.15  0
17.4  8.65  0
14.9  8  0
13  7.55  0
13.25  7.65  0
15.1  7.6  0
17.35  7.5  0
16.25  7.6  0
15.85  7.65  0
17.6  6.95  0
18.35  7.6  0
19.2  7.8  0
20.55  7  0
21.4  7.2  0
19.9  8.55  0
18.2  9.15  0
17.95  9.55  0
19.6  8  0
21.1  8.3  0
19.5  7.75  0
18.05  9.6  0
18.55  11.25  0
18.7  10.05  0
18.8  8.9  0
16.9  8.55  0
15.95  9.05  0
19.95  6.6  0
21.6  7.6  0
22.9  7.85  0
23.9  8.05  0
24.7  8  0
25.7  8.3  0
26.75  8.1  0
26.9  8.35  0
28.5  8.7  0
29.6  8.95  0
29.95  9.5  0
29.9  10.6  0
28.3  10  0
31.15  11.4  0
30.5  9.5  0
31.45  10.5  0
31.3  11.65  0
31.4  10.8  0
31.35  9.1  0
31  7.3  0
17.45  27.2  0
16.75  28.35  0
17  27.45  0
18.4  26.65  0
20.25  26.3  0
20.65  26.25  0
20.95  25.8  0
21.2  26.7  0
12.45  27.85  0
11.9  27.6  0
10.35  26.55  0
9.9  25.75  0
9.4  25.05  0
10.1  27.2  0
8.35  25.9  0
7.05  24.7  0
6.1  23.9  0
5.95  24.35  0
8.15  25.95  0
9.55  26.65  0
11.25  27.5  0
11.9  27.9  0
10.6  27.35  0
9.1  26.7  0
7.25  25.85  0
6  24.7  0
5.4  23.6  0
5.45  21.6  0
5.7  21.4  0
5.15  21.15  0
4.3  20.75  0
3.55  21  0
3.55  21.6  0
4.05  22.25  0
3.35  21.8  0
3  16  0
2.65  16  0
2.95  16.4  0
2.95  18.15  0
3.7  21  0
3.55  20.7  0
3.35  20.15  0
4.1  21.2  0
4.9  22.3  0
4.75  22.4  0
5.25  23.7  0
5.75  24.9  0
4.5  24.75  0
4.5  24.85  0
4.7  26.4  0
4.8  26.85  0
6.35  27.6  0
8.35  28.25  0
9.2  28.15  0
6.65  27.2  0
5.75  26.4  0
6.7  25.45  0
8.45  26.5  0
7.15  26  0
5.9  22.8  0
9.75  26  0
10.2  26.35  0
10.65  26.65  0
10.1  17.75  0
10.65  18.85  0
10.6  18.25  0
9.8  17  0
14.2  10.05  0
14  9.6  0
13.8  7.75  0
14.05  10.35  0
13.4  10.8  0
14.7  11.15  0
16  11.5  0
15.4  11.05  0
15.2  11.7  0
14.95  12.2  0
15.3  12.25  0
6.15  11.8  0
6.15  11.25  0
6.15  9.65  0
6.7  9.25  0
7.45  9.05  0
7.7  9.85  0
20.3  10.15  0
19.15  9.6  0
18.9  11.9  0
19.65  10.8  0
19  9.25  0
19.25  9.35  0
21.55  18.85  0
20.25  18.15  0
22.65  17.15  0
24.25  17.5  0
25.3  17.3  0
25.3  16.75  0
26  17.25  0
26.5  17.75  0
26.75  17.4  0
26.5  16.1  0
27.25  17.25  0
24.95  16.7  0
24.25  16.95  0
23.9  16.65  0
25.8  17.05  0
26  17  0
26.75  16.5  0
27.75  17.55  0
28.45  18.05  0
28.85  18.05  0
28.75  17.55  0
29.4  17.9  0
29.65  18.9  0
30.35  19.35  0
30.4  19.25  0
31.2  19.25  0
31.5  18.35  0
32.15  19.35  0
19.2  27.75  0
18.65  27.05  0
21.25  27.8  0
23.15  28.1  0
23.45  27.7  0
24.4  27.35  0
23.05  27.35  0
23.3  27.5  0
25.25  27.7  0
26.65  28.1  0
27.15  27.85  0
26.9  27  0
27.2  26.9  0
28  26.95  0
28  26.95  0
29.2  26.5  0
30.4  26.4  0
31.2  26.35  0
28.8  26.8  0
30.9  27  0
32.25  27.05  0
32.45  26.8  0
32.2  27.65  0
33  26.05  0
33.2  23.7  0
33.5  22.1  0
33.55  22.8  0
32.55  22.4  0
33.7  21.45  0
32.85  19.9  0
33.1  18.45  0
32.6  26.2  0
31.95  25.45  0
30.95  25.55  0
31.6  25.1  0
32.65  23.95  0
32.05  24.65  0
31.45  25.4  0
33.2  22.9  0
32.45  23.95  0
30.95  27.05  0
29.5  26.85  0
28.15  27.15  0
7.65  7.8  0
8.35  7.6  0
9.35  6.5  0
10.75  6.6  0
12  7.6  0
13.1  7.05  0
14.25  7.7  0
14.7  7.35  0
15.65  7.5  0
17.1  7.15  0
18.25  7.4  0
19.2  6.9  0
20.35  7.4  0
21.95  8.15  0
22.9  7.95  0
23.45  8.1  0
23.55  9.3  0
24.9  9.75  0
26.6  9.7  0
28.05  10.2  0
27.1  8.45  0
22.35  7.85  0
23.6  7.3  0
24.95  6.65  0
26.85  6.8  0
28.35  7.5  0
29.9  7.95  0
31.05  9.25  0
32.05  9.55  0
32.05  8.65  0
33.25  9.25  0
33.4  11  0
33.8  12.05  0
33.7  12.25  0
34.15  13.5  0
33.45  15.8  0
34.3  17.25  0
34.2  18.75  0
33.8  20.15  0
32.75  21  0
33.35  20.8  0
33.4  21.2  0
33.25  20.05  0
33.5  18.7  0
33.8  16.35  0
34  14.25  0
34.15  13.95  0
34.45  14.4  0
19.65  16.25  0
19.05  16.25  0
18.1  17.4  0
18.35  18.5  0
18.1  17.2  0
19  15.7  0
18  18.55  0
17.85  19.3  0
17.7  19.25  0
18.6  18.4  0
18.85  18.1  0
19.5  17.8  0
19.85  17.95  0
20.55  18.35  0
20.15  17.4  0
19.7  15.45  0
18.35  14.05  0
17.95  13.25  0
17.4  13.7  0
18.45  14.7  0
18.4  16.15  0
18.55  15.1  0
18.9  12.65  0
17.7  11.35  0
16.85  10.9  0
15.55  10.25  0
14.5  9.45  0
14.15  8.75  0
13.5  8.8  0
15.1  9.3  0
16.5  10.45  0
17.05  10.4  0
17.45  10.55  0
10.5  18.4  0
10.4  18.85  0
9.45  18.15  0
9.85  18.6  0
12.15  19.15  0
13.05  20.1  0
14.2  21.05  0
14.7  21.45  0
15.5  21.65  0
16.4  22.2  0
17.25  21.95  0
18.7  23.75  0
19.7  25.3  0
19.8  25.55  0
19.35  25.7  0
18  25.25  0
17.05  25.5  0
17.35  26  0
19.5  25.45  0
20.2  26.5  0
15  26  0
13.95  26.55  0
14.4  26.1  0
16.35  26.35  0
16.45  25.4  0
15.4  26.6  0
14.5  26.65  0
13.4  26.6  0
7  27.15  0
5.3  24.95  0
5.85  26.2  0
8.7  27.55  0
8.55  27.65  0
6.75  26.35  0
5.95  24.6  0
4.95  22.35  0
5.3  21.1  0
4.7  23.05  0
4.35  23.25  0
4.3  25.05  0
4.2  25.7  0
3.95  25.8  0
23.7  27.75  0
24  27.15  0
25.2  27.3  0
25.95  28  0
26.9  28.4  0
27.65  28.1  0
28.15  28.35  0
29.1  28.5  0
30.2  28.3  0
31.55  27.35  0
32.75  25.75  0
32.8  26.9  0
32.1  26.8  0
32.25  25.75  0
32.95  23.75  0
34.2  23.4  0
33.55  20  0
33.7  19.7  0
32.7  21.15  0
33.45  23.1  0
33  25.15  0
31.95  24.15  0
32.9  24.9  0
33.2  26  0
32.2  27.75  0
32.5  28.05  0
31.1  28.35  0
29.75  28  0
29.1  27.85  0
32.1  28.55  0
32.3  28.55  0
33.45  28.35  0
33.7  28.45  0
33.65  27.35  0
33.5  26.6  0
33.85  26.4  0
33.95  25.25  0
34.15  24.35  0
34  23.65  0
33.4  22.5  0
33.5  21.75  0
33.7  21.35  0
34.05  21.2  0
33.6  20.15  0
33.8  19.95  0
33.75  19.25  0
34.1  19.25  0
33.75  17.2  0
34.6  16.6  0
34.4  15.7  0
34.3  14.9  0
34.75  15.2  0
33.75  15.15  0
33.4  14  0
33.4  13.95  0
33.2  12.9  0
33  12.55  0
33.15  11.65  0
33.3  11.95  0
33.2  11.95  0
32.4  11.65  0
32  11.75  0
31.4  11.3  0
31.55  10.25  0
30.55  9.95  0
29.5  10.1  0
28.75  9.6  0
28.35  9.95  0
27.45  9.45  0
26.1  8.6  0
26  8.3  0
25.6  8.3  0
24.9  9.05  0
24.45  8.75  0
23.2  8.8  0
22.3  8.3  0
21.5  8.6  0
20.3  8.45  0
19.55  9  0
17.85  8.55  0
17.75  8.6  0
16.6  8.95  0
15.3  8.95  0
16.15  10.45  0
16.95  11.4  0
17.7  11.7  0
17.7  12.05  0
18.55  12.2  0
18.3  13.3  0
11.15  18.05  0
10.65  18.25  0
9.55  18.7  0
8.05  18.5  0
6.95  18.25  0
6.5  18.55  0
7.05  18.75  0
7.4  18.35  0
8.5  18.05  0
9.55  18.7  0
10.55  18.15  0
10.8  16.85  0
10.4  16.55  0
10.55  16.2  0
10.55  15.95  0
10.6  15.55  0
10.7  15.6  0
11  16.25  0
11.1  16.35  0
11.15  16.5  0
11.15  16.75  0
11  17.35  0
10.7  17.5  0
10.9  15.6  0
12.5  13.7  0
12.9  13.5  0
12.85  13.3  0
13.35  12.9  0
3.9  10.5  0
4.7  11.8  0
4.8  11.4  0
4.1  9.45  0
4.45  9.55  0
4.65  11.3  0
3.5  12.1  0
4.5  10.95  0
5.75  9.95  0
6  9.35  0
6  8.5  0
6.4  7.45  0
7.1  5.8  0
7.55  5.25  0
7.4  4.5  0
7.35  4.55  0
8.6  5.5  0
9.8  5.4  0
8.95  5.25  0
10.65  6.4  0
11.2  6.65  0
11.65  6.45  0
4.6  8.05  0
3.8  6.15  0
4.65  5.5  0
5.65  4.25  0
4.45  8.05  0
5.05  8.3  0
5.55  6.35  0
5.75  5.3  0
6.2  6.7  0
5.45  9.55  0
6.05  9.45  0
7.1  6.95  0
8.2  5.9  0
7.9  4.3  0
7.3  4.8  0
6.45  4.15  0
7.65  3.35  0
8.4  3.6  0
8.3  3.8  0
7.6  2.8  0
9.5  2.6  0
10.55  3.15  0
10.9  3.05  0
12.25  3.25  0
13.7  4.15  0
14.2  3.9  0
13.85  3.95  0
14.9  4.25  0
16  4.5  0
16.05  4.4  0
16.6  4.8  0
16.7  4.15  0
17.25  4.1  0
9.2  2.7  0
11.1  3.15  0
12  2.55  0
13.45  3.45  0
13.9  3.15  0
15.15  4.75  0
16.1  4.55  0
16.5  4.85  0
17  4.35  0
17.35  3.9  0
17  2.75  0
16.85  2.5  0
17.05  1.95  0
17.65  2  0
18.95  1.3  0
19.85  0.85  0
20.6  1.25  0
21.3  1.4  0
22.15  2.15  0
22.25  2.15  0
22.4  2.45  0
22.6  3.25  0
22.15  3.8  0
22.2  4.3  0
22.1  4.1  0
22.45  4.45  0
22.7  4.85  0
22.85  5.65  0
22.75  5.85  0
23.05  6.85  0
22.55  7.05  0
22.4  7.3  0
22.05  6.65  0
22.35  7.05  0
23.95  5.55  0
24.4  5.3  0
23.7  3.95  0
24.15  3.05  0
24  1.9  0
23.45  2  0
23.65  5.7  0
24.2  6.75  0
25.25  7.6  0
25.5  7.95  0
27.95  8.2  0
29.15  8.65  0
32.05  8.7  0
32.05  8.3  0
29.05  7.15  0
27.05  6.45  0
26.05  5.65  0
25.55  5.35  0
25.65  4.75  0
25.65  4.1  0
25.05  3.4  0
24.15  2  0
23.15  1.65  0
24  1.75  0
25.35  1.95  0
26.15  2.15  0
27.7  2.2  0
29.95  1.5  0
33.5  11.7  0
33.55  11.65  0
33.25  9.1  0
32.1  8.5  0
32.25  9.1  0
33.45  13.15  0
33.45  12.95  0
33.65  10.15  0
33.55  9.3  0
33.55  7.7  0
32.6  5.15  0
33.25  4.4  0
33.65  4.25  0
33.55  3.1  0
33.6  2.1  0
5  4  0
5.45  4.1  0
5.15  3.15  0
5.6  2.15  0
5.5  1.75  0
5.65  1.4  0
6.45  2.85  0
6.05  3.25  0
6.85  3.3  0
6.65  1.35  0
7.95  1.35  0
9.25  1.65  0
8.8  5.7  0
8.9  6.65  0
7.9  6.7  0
7.95  6.8  0
8.5  6.75  0
10.05  7.3  0
11.3  7.5  0
12.5  7.75  0
12.75  7.65  0
9  1.45  0
10.65  1.4  0
11.3  1.5  0
12.75  1.55  0
13.8  1.85  0
15.25  1.7  0
16  2  0
16.7  1.35  0
18.15  1.2  0
18.65  1.15  0
15.7  2.75  0
16.15  3.7  0
14.9  3.45  0
14.6  3  0
13.9  2.3  0
14.15  2.5  0
15.2  2.85  0
12.3  2.25  0
11.75  2.35  0
10.55  1.95  0
9.85  2.35  0
8.25  2.2  0
6.25  2.5  0
7.3  3.05  0
7.2  1.5  0
6.6  1.45  0
7.4  0.55  0
9.8  1.1  0
11.4  0.45  0
12.05  0.6  0
13  0.8  0
13.75  1.05  0
14.8  1.15  0
15.15  0.55  0
16.05  0.35  0
17.15  0.95  0
18.05  0.65  0
19.05  1.1  0
19.95  0.9  0
21.25  0.05  0
21.9  0.35  0
23.5  0.6  0
24.7  1.05  0
25  0.95  0
25.1  0.95  0
26.65  1  0
26.75  0.7  0
28.15  0.8  0
29.35  1.1  0
30.5  1  0
32.1  1.3  0
32.1  1.15  0
34.15  1.15  0
34.3  1.85  0
34.3  3  0
34.15  4  0
33.25  5.3  0
32.35  7  0
30.6  6.15  0
29  5.15  0
27.25  4.1  0
26.25  3.65  0
27.85  5.55  0
28.15  6.55  0
27.95  5.2  0
27.15  3.8  0
27.95  2.2  0
28.8  4  0
30.7  4.55  0
30.35  3.25  0
29.2  2.95  0
30.8  2.2  0
32.6  3.35  0
32.8  3.8  0
31.3  4.9  0
30  7.05  0
30.15  6.95  0
31.25  7.75  0
32.55  8.05  0
31.6  7.05  0
29.35  6.15  0
27.9  6.7  0
26.05  7.2  0
25.05  6.8  0
24.3  6.55  0
24.55  5.2  0
24.45  3.8  0
24.2  2.5  0
24.3  1.15  0
26.9  1.55  0
30.1  2  0
31.15  1.65  0
32.25  1.75  0
32.3  2.55  0
33.2  4.55  0
32.2  4.8  0
32.2  5.6  0
32.4  6.35  0
32.55  6.4  0
31.7  6.1  0
30.9  5.75  0
29.65  5.3  0
28.85  4.1  0
28.6  3.55  0
28.4  3.75  0
26.85  2.5  0
25.3  2.55  0
23.35  1.55  0
22.9  1.75  0
22.65  1.3  0
21.1  1.35  0
21.3  0.3  0
26.1  4.65  0
24.9  5.75  0
24.35  5.4  0
25.3  4.75  0
4  3  0
3.55  2.4  0
2.35  1.9  0
1.35  1.9  0
2.75  3.05  0
3.85  6.05  0
3.2  7  0
3.25  8.1  0
2.95  10.55  0
3  11.3  0
2.5  12.75  0
1.9  14.9  0
1.35  14.7  0
1.6  14.1  0
1.45  12.15  0
1.35  10.35  0
1.25  9  0
1.3  6.75  0
1.65  5.3  0
1.75  3.7  0
1.7  2.65  0
1.3  2.1  0
1.9  1.25  0
2.75  1.2  0
4.6  0.85  0
5.2  0.65  0
5.85  1.05  0
4.15  2.05  0
3.05  2.25  0
5.55  2.75  0
4.65  3.9  0
4.45  4.95  0
2.85  3.55  0
3.35  4.7  0
3  5.55  0
1.85  7.35  0
3.1  9.2  0
3.3  10.15  0
4.05  9.5  0
5.55  6  0
5.7  5.55  0
4  7.8  0
5.55  7.5  0
6  6.75  0
5.8  7.15  0
3.25  7.25  0
3  7.8  0
2.65  10.4  0
2.4  11.4  0
2.4  11.8  0
4.55  9.95  0
4.3  10.4  0
3.75  10.7  0
2.35  12.65  0
1.95  15.2  0
1.35  15.85  0
1.35  16.8  0
1.8  17  0
1.65  16  0
2.5  12.8  0
2.85  11.65  0
2.25  8.75  0
1.9  6.4  0
2.55  4.85  0
2  2.7  0
3.3  1.2  0
3.8  2.35  0
4.15  26.35  0
4.3  27.05  0
2.2  26.25  0
3  26.25  0
2.35  24.25  0
2.65  22.5  0
2.9  21.45  0
3.25  21.5  0
3.6  24.1  0
3.85  24.3  0
3.45  23.85  0
5.15  20.5  0
4.75  20.75  0
4  20.55  0
3.95  20.7  0
2.55  21.5  0
2.65  20.9  0
3.6  23.4  0
4.1  24.6  0
3.55  25.45  0
3.1  24.8  0
2.8  23.9  0
2.4  22.05  0
2  21.15  0
1.65  20.6  0
17.35  5.05  0
17.85  4.9  0
21.8  3.4  0
21.6  2.75  0
28.1  5.35  0
27.5  4.75  0
27.4  7.35  0
27.9  7.55  0
27.2  8.15  0
26.95  5.65  0
27.95  3.9  0
28.35  6.2  0
26.65  4.9  0
25.7  6.6  0
26.8  7.05  0
27.1  8.3  0
25.65  8.4  0
26.25  9.6  0
28.25  9.6  0
28.7  9.7  0
27.45  9.15  0
19  24.4  0
18.6  24.15  0
18.5  23.85  0
18.05  23.2  0
17.25  22.5  0
17.1  22.95  0
18.35  25.2  0
18.75  25.8  0
18.6  25.35  0
17.85  23.85  0
17.05  22.65  0
16.75  21.85  0
21.7  26.3  0
22.65  26.5  0
23  26.75  0
20.7  15.85  0
20.65  15.55  0
20.55  15.75  0
19.95  15.6  0
18.45  15.2  0
18.65  14.8  0
17.1  9.75  0
16.05  8.95  0
15.05  9  0
14.25  8.3  0
12.25  7.55  0
11.35  7.2  0
10.6  7.05  0
9.05  6.2  0
8.8  6.55  0
9.3  6.45  0
9.9  6.7  0
10.3  6.45  0
8.05  6.2  0
7.4  6.55  0
6.95  6.85  0
6.95  7.85  0
7  9.5  0
7.25  10.3  0
7.5  10.2  0
7.95  10.85  0
7.65  11.8  0
7.9  11.75  0
7.1  12.35  0
12.55  19.05  0
13.1  18.7  0
14.25  20.5  0
16.1  22  0
16.8  22.8  0
16.2  22.2  0
15.5  21.5  0
14.6  20.45  0
13.95  19.75  0
4.75  20.55  0
5.4  22.1  0
5.3  20.55  0
5.85  20.75  0
6.1  20.2  0
6  21.35  0
6.9  23.65  0
7.3  24.4  0
7.5  25.2  0
8.3  25.65  0
18.1  25.7  0
20  26.65  0
19.8  26.1  0
17.85  19.8  0
18.05  19  0
18.5  19.1  0
19.15  17.9  0
18.6  17.3  0
18.3  16.35  0
17.3  15.2  0
17.45  14.55  0
17.45  13.9  0
17.5  11.95  0
18.75  16.35  0
18.5  16.55  0
17.75  16.1  0
18.7  15.25  0
19.65  15.3  0
19.15  14.75  0
17.4  12.35  0
17.35  10.85  0
16.55  8.9  0
17.25  8.45  0
17.05  7.8  0
15.45  8.2  0
17.95  8.2  0
18.1  7.75  0
16.2  8.45  0
16  8.5  0
15.95  9.45  0
15.85  10.4  0
15.6  9.8  0
8.95  6.25  0
8  6.05  0
6.95  6.5  0
6  8.55  0
5.2  6.95  0
4.8  8  0
5.75  9.15  0
6.1  10.35  0
5.55  10.85  0
4.85  11.2  0
5.25  11.4  0
6.7  9.3  0
6.85  7.85  0
7.25  6.7  0
7.55  6.85  0
8.95  12.7  0
9.3  13.2  0
7.55  12.6  0
8.1  12.25  0
8.6  12.2  0
8.9  12.55  0
10.7  15.7  0
10.75  15.15  0
33.45  6.9  0
33.45  6.15  0
33.25  3.25  0
32.95  1.6  0
31.55  3.8  0
31.4  2.9  0
30.2  4.2  0
29.85  4.35  0
29.8  3.9  0
29.2  2.7  0
33.7  6.05  0
33.6  5.45  0
33.7  7  0
34  8.2  0
33.35  8.4  0
34.15  13.45  0
34.15  12.3  0
34.15  11.45  0
34.15  10.55  0
34.15  9.85  0
34.05  8.75  0
34.05  8.2  0
34.05  7.85  0
34.05  7.05  0
34.05  6.5  0
34.05  6.5  0
33.7  22.55  0
34.7  21.75  0
33.6  21.6  0
34.5  19.8  0
33.15  22.15  0
33.6  22.3  0
33.8  21.8  0
33.6  19.7  0
33.55  18.4  0
33.6  16.75  0
34.7  21.45  0
33.85  22.5  0
33.9  21.5  0
33.6  22.6  0
33.5  21.6  0
34.1  20  0
34.4  19.75  0
33.5  22.8  0
33.35  20.75  0
33.6  19.3  0
33.15  18.1  0
33.25  17.65  0
33.85  17.15  0
33.45  15.95  0
33.5  13.8  0
33.05  11.3  0
32.75  9.7  0
33.5  8.1  0
33.55  6.85  0
34.1  6.15  0
33.35  4.85  0
32.8  5.35  0
31.2  4.75  0
29.3  3.1  0
29.05  2.7  0
27.4  2.7  0
26.55  2.4  0
25.7  2.8  0
25  2.7  0
23.85  3.2  0
23.7  4.05  0
23.8  4.25  0
23.95  5.15  0
26.8  4.95  0
28.35  6.25  0
29.3  6.5  0
29.7  5.25  0
28.3  2.9  0
27.65  2.65  0
26.7  2.7  0
26.9  3.55  0
27.05  3.3  0
2.25  23.05  0
2.25  23.85  0
2.15  25.2  0
2.15  25.3  0
2.05  23.3  0
1.85  22.85  0
2.3  22  0
2.4  17.1  0
2.85  17.7  0
2.45  17.65  0
1.75  17.65  0
2.25  17.55  0
2  17.95  0